  3.407727907128E+01  -1.612229810645E+01  -6.287879423180E+00  -1.739385390930E+01   1.194869976344E+01  -4.572173960527E+00  -1.976901403254E+00   7.055607742835E-01  -1.708827113641E+00  -1.470652375873E+01   3.468037568721E+00   1.256888049735E+01
 -1.608385115963E+01   2.011745287780E+01  -9.617664672612E+00   1.193657540498E+01  -1.113771333677E+01   3.492679820200E+00   6.915697199043E-01  -6.130266957040E+00   9.575481420491E+00   3.455706034747E+00  -2.849472583998E+00  -3.450496568079E+00
 -6.305789968612E+00  -9.604885687444E+00   4.091588495763E+01  -4.562960373650E+00   3.483512747652E+00  -3.175706251236E+00  -1.695462522193E+00   9.578629074081E+00  -2.359040251626E+01   1.256421286445E+01  -3.457256134288E+00  -1.414977619014E+01
 -1.736849558673E+01   1.195404474966E+01  -4.564156141594E+00   1.762517408868E+01  -1.295983472306E+01   4.601866444636E+00   1.649142639584E-01   3.221942572854E-01  -4.890594262744E-02  -4.215927658999E-01   6.835957161141E-01   1.119563958587E-02
  1.194008465614E+01  -1.114239892645E+01   3.496972651913E+00  -1.295096414840E+01   1.068536785285E+01  -3.930867228251E+00   5.621388744401E-01   1.502320527329E-01   3.221526865385E-01   4.487406178245E-01   3.067990208648E-01   1.117418897993E-01
 -4.567319167626E+00   3.504542437662E+00  -3.172264661739E+00   4.602159976069E+00  -3.930965350615E+00   2.951303317465E+00  -6.483350309679E-01   7.129789732733E-01  -1.080066849419E-01   6.134942225258E-01  -2.865560603207E-01   3.289680292162E-01
 -1.990988864717E+00   6.967330227839E-01  -1.710190072490E+00   1.768065742752E-01   5.611423649286E-01  -6.424069108086E-01   1.511956077746E+00  -1.193837872254E+00   1.606419378100E+00   3.022262126954E-01  -6.403751545808E-02   7.461776051992E-01
  6.897138936440E-01  -6.116858067707E+00   9.570313354970E+00   3.286427077700E-01   1.453051729629E-01   7.171260927184E-01  -1.189150380327E+00   5.443643374906E+00  -1.028985340119E+01   1.707937789127E-01   5.279095198375E-01   2.413953498176E-03
 -1.690879403923E+00   9.568208844253E+00  -2.360644567280E+01  -4.899002098088E-02   3.295282366310E-01  -1.047950198729E-01   1.596231169108E+00  -1.029694851637E+01   2.431797601303E+01   1.436382557963E-01   3.992114354868E-01  -6.067353203566E-01
 -1.471781296255E+01   3.471515771535E+00   1.256222206309E+01  -4.081692947619E-01   4.500357605379E-01   6.126960356748E-01   3.000412067444E-01   1.660548286444E-01   1.513747164336E-01   1.482594105057E+01  -4.087606360717E+00  -1.332629281520E+01
  3.454064224377E+00  -2.858231953783E+00  -3.449615244419E+00   6.857632223775E-01   3.070378206419E-01  -2.789334503219E-01  -6.456136955110E-02   5.364162831953E-01   3.921831325473E-01  -4.075266077203E+00   2.014777849946E+00   3.336365562194E+00
  1.256397831053E+01  -3.467863917630E+00  -1.413718744595E+01   9.839673910657E-03   1.178867195936E-01   3.292137539731E-01   7.475615201508E-01   5.366569622779E-03  -6.196090941478E-01  -1.332137950460E+01   3.344610628414E+00   1.442758278612E+01
